{
 "cells": [
  {
   "cell_type": "code",
   "execution_count": 1,
   "metadata": {},
   "outputs": [],
   "source": [
    "import pandas as pd\n",
    "import numpy as np\n",
    "import matplotlib.pyplot as plt\n",
    "import seaborn as sns"
   ]
  },
  {
   "cell_type": "code",
   "execution_count": 31,
   "metadata": {},
   "outputs": [],
   "source": [
    "df = pd.read_csv('framingham_heart_disease.csv')"
   ]
  },
  {
   "cell_type": "code",
   "execution_count": 32,
   "metadata": {},
   "outputs": [
    {
     "data": {
      "text/html": [
       "<div>\n",
       "<style scoped>\n",
       "    .dataframe tbody tr th:only-of-type {\n",
       "        vertical-align: middle;\n",
       "    }\n",
       "\n",
       "    .dataframe tbody tr th {\n",
       "        vertical-align: top;\n",
       "    }\n",
       "\n",
       "    .dataframe thead th {\n",
       "        text-align: right;\n",
       "    }\n",
       "</style>\n",
       "<table border=\"1\" class=\"dataframe\">\n",
       "  <thead>\n",
       "    <tr style=\"text-align: right;\">\n",
       "      <th></th>\n",
       "      <th>male</th>\n",
       "      <th>age</th>\n",
       "      <th>education</th>\n",
       "      <th>currentSmoker</th>\n",
       "      <th>cigsPerDay</th>\n",
       "      <th>BPMeds</th>\n",
       "      <th>prevalentStroke</th>\n",
       "      <th>prevalentHyp</th>\n",
       "      <th>diabetes</th>\n",
       "      <th>totChol</th>\n",
       "      <th>sysBP</th>\n",
       "      <th>diaBP</th>\n",
       "      <th>BMI</th>\n",
       "      <th>heartRate</th>\n",
       "      <th>glucose</th>\n",
       "      <th>TenYearCHD</th>\n",
       "    </tr>\n",
       "  </thead>\n",
       "  <tbody>\n",
       "    <tr>\n",
       "      <th>0</th>\n",
       "      <td>1</td>\n",
       "      <td>39</td>\n",
       "      <td>4.0</td>\n",
       "      <td>0</td>\n",
       "      <td>0.0</td>\n",
       "      <td>0.0</td>\n",
       "      <td>0</td>\n",
       "      <td>0</td>\n",
       "      <td>0</td>\n",
       "      <td>195.0</td>\n",
       "      <td>106.0</td>\n",
       "      <td>70.0</td>\n",
       "      <td>26.97</td>\n",
       "      <td>80.0</td>\n",
       "      <td>77.0</td>\n",
       "      <td>0</td>\n",
       "    </tr>\n",
       "    <tr>\n",
       "      <th>1</th>\n",
       "      <td>0</td>\n",
       "      <td>46</td>\n",
       "      <td>2.0</td>\n",
       "      <td>0</td>\n",
       "      <td>0.0</td>\n",
       "      <td>0.0</td>\n",
       "      <td>0</td>\n",
       "      <td>0</td>\n",
       "      <td>0</td>\n",
       "      <td>250.0</td>\n",
       "      <td>121.0</td>\n",
       "      <td>81.0</td>\n",
       "      <td>28.73</td>\n",
       "      <td>95.0</td>\n",
       "      <td>76.0</td>\n",
       "      <td>0</td>\n",
       "    </tr>\n",
       "    <tr>\n",
       "      <th>2</th>\n",
       "      <td>1</td>\n",
       "      <td>48</td>\n",
       "      <td>1.0</td>\n",
       "      <td>1</td>\n",
       "      <td>20.0</td>\n",
       "      <td>0.0</td>\n",
       "      <td>0</td>\n",
       "      <td>0</td>\n",
       "      <td>0</td>\n",
       "      <td>245.0</td>\n",
       "      <td>127.5</td>\n",
       "      <td>80.0</td>\n",
       "      <td>25.34</td>\n",
       "      <td>75.0</td>\n",
       "      <td>70.0</td>\n",
       "      <td>0</td>\n",
       "    </tr>\n",
       "    <tr>\n",
       "      <th>3</th>\n",
       "      <td>0</td>\n",
       "      <td>61</td>\n",
       "      <td>3.0</td>\n",
       "      <td>1</td>\n",
       "      <td>30.0</td>\n",
       "      <td>0.0</td>\n",
       "      <td>0</td>\n",
       "      <td>1</td>\n",
       "      <td>0</td>\n",
       "      <td>225.0</td>\n",
       "      <td>150.0</td>\n",
       "      <td>95.0</td>\n",
       "      <td>28.58</td>\n",
       "      <td>65.0</td>\n",
       "      <td>103.0</td>\n",
       "      <td>1</td>\n",
       "    </tr>\n",
       "    <tr>\n",
       "      <th>4</th>\n",
       "      <td>0</td>\n",
       "      <td>46</td>\n",
       "      <td>3.0</td>\n",
       "      <td>1</td>\n",
       "      <td>23.0</td>\n",
       "      <td>0.0</td>\n",
       "      <td>0</td>\n",
       "      <td>0</td>\n",
       "      <td>0</td>\n",
       "      <td>285.0</td>\n",
       "      <td>130.0</td>\n",
       "      <td>84.0</td>\n",
       "      <td>23.10</td>\n",
       "      <td>85.0</td>\n",
       "      <td>85.0</td>\n",
       "      <td>0</td>\n",
       "    </tr>\n",
       "  </tbody>\n",
       "</table>\n",
       "</div>"
      ],
      "text/plain": [
       "   male  age  education  currentSmoker  cigsPerDay  BPMeds  prevalentStroke  \\\n",
       "0     1   39        4.0              0         0.0     0.0                0   \n",
       "1     0   46        2.0              0         0.0     0.0                0   \n",
       "2     1   48        1.0              1        20.0     0.0                0   \n",
       "3     0   61        3.0              1        30.0     0.0                0   \n",
       "4     0   46        3.0              1        23.0     0.0                0   \n",
       "\n",
       "   prevalentHyp  diabetes  totChol  sysBP  diaBP    BMI  heartRate  glucose  \\\n",
       "0             0         0    195.0  106.0   70.0  26.97       80.0     77.0   \n",
       "1             0         0    250.0  121.0   81.0  28.73       95.0     76.0   \n",
       "2             0         0    245.0  127.5   80.0  25.34       75.0     70.0   \n",
       "3             1         0    225.0  150.0   95.0  28.58       65.0    103.0   \n",
       "4             0         0    285.0  130.0   84.0  23.10       85.0     85.0   \n",
       "\n",
       "   TenYearCHD  \n",
       "0           0  \n",
       "1           0  \n",
       "2           0  \n",
       "3           1  \n",
       "4           0  "
      ]
     },
     "execution_count": 32,
     "metadata": {},
     "output_type": "execute_result"
    }
   ],
   "source": [
    "df.head()"
   ]
  },
  {
   "cell_type": "code",
   "execution_count": 33,
   "metadata": {},
   "outputs": [
    {
     "data": {
      "text/plain": [
       "male                 0\n",
       "age                  0\n",
       "education          105\n",
       "currentSmoker        0\n",
       "cigsPerDay          29\n",
       "BPMeds              53\n",
       "prevalentStroke      0\n",
       "prevalentHyp         0\n",
       "diabetes             0\n",
       "totChol             50\n",
       "sysBP                0\n",
       "diaBP                0\n",
       "BMI                 19\n",
       "heartRate            1\n",
       "glucose            388\n",
       "TenYearCHD           0\n",
       "dtype: int64"
      ]
     },
     "execution_count": 33,
     "metadata": {},
     "output_type": "execute_result"
    }
   ],
   "source": [
    "df.isna().sum()"
   ]
  },
  {
   "cell_type": "code",
   "execution_count": 34,
   "metadata": {},
   "outputs": [
    {
     "name": "stdout",
     "output_type": "stream",
     "text": [
      "<class 'pandas.core.frame.DataFrame'>\n",
      "RangeIndex: 4238 entries, 0 to 4237\n",
      "Data columns (total 16 columns):\n",
      " #   Column           Non-Null Count  Dtype  \n",
      "---  ------           --------------  -----  \n",
      " 0   male             4238 non-null   int64  \n",
      " 1   age              4238 non-null   int64  \n",
      " 2   education        4133 non-null   float64\n",
      " 3   currentSmoker    4238 non-null   int64  \n",
      " 4   cigsPerDay       4209 non-null   float64\n",
      " 5   BPMeds           4185 non-null   float64\n",
      " 6   prevalentStroke  4238 non-null   int64  \n",
      " 7   prevalentHyp     4238 non-null   int64  \n",
      " 8   diabetes         4238 non-null   int64  \n",
      " 9   totChol          4188 non-null   float64\n",
      " 10  sysBP            4238 non-null   float64\n",
      " 11  diaBP            4238 non-null   float64\n",
      " 12  BMI              4219 non-null   float64\n",
      " 13  heartRate        4237 non-null   float64\n",
      " 14  glucose          3850 non-null   float64\n",
      " 15  TenYearCHD       4238 non-null   int64  \n",
      "dtypes: float64(9), int64(7)\n",
      "memory usage: 529.9 KB\n"
     ]
    }
   ],
   "source": [
    "df.info()"
   ]
  },
  {
   "cell_type": "code",
   "execution_count": 35,
   "metadata": {},
   "outputs": [
    {
     "data": {
      "text/html": [
       "<div>\n",
       "<style scoped>\n",
       "    .dataframe tbody tr th:only-of-type {\n",
       "        vertical-align: middle;\n",
       "    }\n",
       "\n",
       "    .dataframe tbody tr th {\n",
       "        vertical-align: top;\n",
       "    }\n",
       "\n",
       "    .dataframe thead th {\n",
       "        text-align: right;\n",
       "    }\n",
       "</style>\n",
       "<table border=\"1\" class=\"dataframe\">\n",
       "  <thead>\n",
       "    <tr style=\"text-align: right;\">\n",
       "      <th></th>\n",
       "      <th>male</th>\n",
       "      <th>age</th>\n",
       "      <th>education</th>\n",
       "      <th>currentSmoker</th>\n",
       "      <th>cigsPerDay</th>\n",
       "      <th>BPMeds</th>\n",
       "      <th>prevalentStroke</th>\n",
       "      <th>prevalentHyp</th>\n",
       "      <th>diabetes</th>\n",
       "      <th>totChol</th>\n",
       "      <th>sysBP</th>\n",
       "      <th>diaBP</th>\n",
       "      <th>BMI</th>\n",
       "      <th>heartRate</th>\n",
       "      <th>glucose</th>\n",
       "      <th>TenYearCHD</th>\n",
       "    </tr>\n",
       "  </thead>\n",
       "  <tbody>\n",
       "    <tr>\n",
       "      <th>male</th>\n",
       "      <td>1.000000</td>\n",
       "      <td>-0.028979</td>\n",
       "      <td>0.017352</td>\n",
       "      <td>0.197596</td>\n",
       "      <td>0.317930</td>\n",
       "      <td>-0.052506</td>\n",
       "      <td>-0.004546</td>\n",
       "      <td>0.005313</td>\n",
       "      <td>0.015708</td>\n",
       "      <td>-0.070322</td>\n",
       "      <td>-0.035989</td>\n",
       "      <td>0.057933</td>\n",
       "      <td>0.081672</td>\n",
       "      <td>-0.116620</td>\n",
       "      <td>0.006083</td>\n",
       "      <td>0.088428</td>\n",
       "    </tr>\n",
       "    <tr>\n",
       "      <th>age</th>\n",
       "      <td>-0.028979</td>\n",
       "      <td>1.000000</td>\n",
       "      <td>-0.165883</td>\n",
       "      <td>-0.213748</td>\n",
       "      <td>-0.192791</td>\n",
       "      <td>0.122995</td>\n",
       "      <td>0.057655</td>\n",
       "      <td>0.307194</td>\n",
       "      <td>0.101258</td>\n",
       "      <td>0.262131</td>\n",
       "      <td>0.394302</td>\n",
       "      <td>0.206104</td>\n",
       "      <td>0.135800</td>\n",
       "      <td>-0.012823</td>\n",
       "      <td>0.122256</td>\n",
       "      <td>0.225256</td>\n",
       "    </tr>\n",
       "    <tr>\n",
       "      <th>education</th>\n",
       "      <td>0.017352</td>\n",
       "      <td>-0.165883</td>\n",
       "      <td>1.000000</td>\n",
       "      <td>0.018532</td>\n",
       "      <td>0.008085</td>\n",
       "      <td>-0.010815</td>\n",
       "      <td>-0.035112</td>\n",
       "      <td>-0.081970</td>\n",
       "      <td>-0.038680</td>\n",
       "      <td>-0.023115</td>\n",
       "      <td>-0.129631</td>\n",
       "      <td>-0.062316</td>\n",
       "      <td>-0.137504</td>\n",
       "      <td>-0.054206</td>\n",
       "      <td>-0.035721</td>\n",
       "      <td>-0.054059</td>\n",
       "    </tr>\n",
       "    <tr>\n",
       "      <th>currentSmoker</th>\n",
       "      <td>0.197596</td>\n",
       "      <td>-0.213748</td>\n",
       "      <td>0.018532</td>\n",
       "      <td>1.000000</td>\n",
       "      <td>0.769690</td>\n",
       "      <td>-0.048938</td>\n",
       "      <td>-0.032988</td>\n",
       "      <td>-0.103260</td>\n",
       "      <td>-0.044295</td>\n",
       "      <td>-0.046562</td>\n",
       "      <td>-0.130230</td>\n",
       "      <td>-0.107746</td>\n",
       "      <td>-0.167650</td>\n",
       "      <td>0.062356</td>\n",
       "      <td>-0.056826</td>\n",
       "      <td>0.019456</td>\n",
       "    </tr>\n",
       "    <tr>\n",
       "      <th>cigsPerDay</th>\n",
       "      <td>0.317930</td>\n",
       "      <td>-0.192791</td>\n",
       "      <td>0.008085</td>\n",
       "      <td>0.769690</td>\n",
       "      <td>1.000000</td>\n",
       "      <td>-0.046134</td>\n",
       "      <td>-0.032707</td>\n",
       "      <td>-0.066146</td>\n",
       "      <td>-0.037067</td>\n",
       "      <td>-0.026320</td>\n",
       "      <td>-0.088780</td>\n",
       "      <td>-0.056632</td>\n",
       "      <td>-0.092856</td>\n",
       "      <td>0.075157</td>\n",
       "      <td>-0.058960</td>\n",
       "      <td>0.057884</td>\n",
       "    </tr>\n",
       "    <tr>\n",
       "      <th>BPMeds</th>\n",
       "      <td>-0.052506</td>\n",
       "      <td>0.122995</td>\n",
       "      <td>-0.010815</td>\n",
       "      <td>-0.048938</td>\n",
       "      <td>-0.046134</td>\n",
       "      <td>1.000000</td>\n",
       "      <td>0.117365</td>\n",
       "      <td>0.261187</td>\n",
       "      <td>0.052047</td>\n",
       "      <td>0.080558</td>\n",
       "      <td>0.254219</td>\n",
       "      <td>0.194227</td>\n",
       "      <td>0.100668</td>\n",
       "      <td>0.015233</td>\n",
       "      <td>0.051176</td>\n",
       "      <td>0.087489</td>\n",
       "    </tr>\n",
       "    <tr>\n",
       "      <th>prevalentStroke</th>\n",
       "      <td>-0.004546</td>\n",
       "      <td>0.057655</td>\n",
       "      <td>-0.035112</td>\n",
       "      <td>-0.032988</td>\n",
       "      <td>-0.032707</td>\n",
       "      <td>0.117365</td>\n",
       "      <td>1.000000</td>\n",
       "      <td>0.074830</td>\n",
       "      <td>0.006949</td>\n",
       "      <td>0.000067</td>\n",
       "      <td>0.057009</td>\n",
       "      <td>0.045190</td>\n",
       "      <td>0.025891</td>\n",
       "      <td>-0.017676</td>\n",
       "      <td>0.018431</td>\n",
       "      <td>0.061810</td>\n",
       "    </tr>\n",
       "    <tr>\n",
       "      <th>prevalentHyp</th>\n",
       "      <td>0.005313</td>\n",
       "      <td>0.307194</td>\n",
       "      <td>-0.081970</td>\n",
       "      <td>-0.103260</td>\n",
       "      <td>-0.066146</td>\n",
       "      <td>0.261187</td>\n",
       "      <td>0.074830</td>\n",
       "      <td>1.000000</td>\n",
       "      <td>0.077808</td>\n",
       "      <td>0.163993</td>\n",
       "      <td>0.696755</td>\n",
       "      <td>0.615751</td>\n",
       "      <td>0.301318</td>\n",
       "      <td>0.147261</td>\n",
       "      <td>0.086834</td>\n",
       "      <td>0.177603</td>\n",
       "    </tr>\n",
       "    <tr>\n",
       "      <th>diabetes</th>\n",
       "      <td>0.015708</td>\n",
       "      <td>0.101258</td>\n",
       "      <td>-0.038680</td>\n",
       "      <td>-0.044295</td>\n",
       "      <td>-0.037067</td>\n",
       "      <td>0.052047</td>\n",
       "      <td>0.006949</td>\n",
       "      <td>0.077808</td>\n",
       "      <td>1.000000</td>\n",
       "      <td>0.040278</td>\n",
       "      <td>0.111283</td>\n",
       "      <td>0.050329</td>\n",
       "      <td>0.087036</td>\n",
       "      <td>0.048994</td>\n",
       "      <td>0.617627</td>\n",
       "      <td>0.097317</td>\n",
       "    </tr>\n",
       "    <tr>\n",
       "      <th>totChol</th>\n",
       "      <td>-0.070322</td>\n",
       "      <td>0.262131</td>\n",
       "      <td>-0.023115</td>\n",
       "      <td>-0.046562</td>\n",
       "      <td>-0.026320</td>\n",
       "      <td>0.080558</td>\n",
       "      <td>0.000067</td>\n",
       "      <td>0.163993</td>\n",
       "      <td>0.040278</td>\n",
       "      <td>1.000000</td>\n",
       "      <td>0.208908</td>\n",
       "      <td>0.165182</td>\n",
       "      <td>0.115767</td>\n",
       "      <td>0.091125</td>\n",
       "      <td>0.046408</td>\n",
       "      <td>0.082184</td>\n",
       "    </tr>\n",
       "    <tr>\n",
       "      <th>sysBP</th>\n",
       "      <td>-0.035989</td>\n",
       "      <td>0.394302</td>\n",
       "      <td>-0.129631</td>\n",
       "      <td>-0.130230</td>\n",
       "      <td>-0.088780</td>\n",
       "      <td>0.254219</td>\n",
       "      <td>0.057009</td>\n",
       "      <td>0.696755</td>\n",
       "      <td>0.111283</td>\n",
       "      <td>0.208908</td>\n",
       "      <td>1.000000</td>\n",
       "      <td>0.784002</td>\n",
       "      <td>0.326981</td>\n",
       "      <td>0.182246</td>\n",
       "      <td>0.140621</td>\n",
       "      <td>0.216429</td>\n",
       "    </tr>\n",
       "    <tr>\n",
       "      <th>diaBP</th>\n",
       "      <td>0.057933</td>\n",
       "      <td>0.206104</td>\n",
       "      <td>-0.062316</td>\n",
       "      <td>-0.107746</td>\n",
       "      <td>-0.056632</td>\n",
       "      <td>0.194227</td>\n",
       "      <td>0.045190</td>\n",
       "      <td>0.615751</td>\n",
       "      <td>0.050329</td>\n",
       "      <td>0.165182</td>\n",
       "      <td>0.784002</td>\n",
       "      <td>1.000000</td>\n",
       "      <td>0.377588</td>\n",
       "      <td>0.181255</td>\n",
       "      <td>0.061231</td>\n",
       "      <td>0.145299</td>\n",
       "    </tr>\n",
       "    <tr>\n",
       "      <th>BMI</th>\n",
       "      <td>0.081672</td>\n",
       "      <td>0.135800</td>\n",
       "      <td>-0.137504</td>\n",
       "      <td>-0.167650</td>\n",
       "      <td>-0.092856</td>\n",
       "      <td>0.100668</td>\n",
       "      <td>0.025891</td>\n",
       "      <td>0.301318</td>\n",
       "      <td>0.087036</td>\n",
       "      <td>0.115767</td>\n",
       "      <td>0.326981</td>\n",
       "      <td>0.377588</td>\n",
       "      <td>1.000000</td>\n",
       "      <td>0.067678</td>\n",
       "      <td>0.087377</td>\n",
       "      <td>0.075192</td>\n",
       "    </tr>\n",
       "    <tr>\n",
       "      <th>heartRate</th>\n",
       "      <td>-0.116620</td>\n",
       "      <td>-0.012823</td>\n",
       "      <td>-0.054206</td>\n",
       "      <td>0.062356</td>\n",
       "      <td>0.075157</td>\n",
       "      <td>0.015233</td>\n",
       "      <td>-0.017676</td>\n",
       "      <td>0.147261</td>\n",
       "      <td>0.048994</td>\n",
       "      <td>0.091125</td>\n",
       "      <td>0.182246</td>\n",
       "      <td>0.181255</td>\n",
       "      <td>0.067678</td>\n",
       "      <td>1.000000</td>\n",
       "      <td>0.094500</td>\n",
       "      <td>0.022913</td>\n",
       "    </tr>\n",
       "    <tr>\n",
       "      <th>glucose</th>\n",
       "      <td>0.006083</td>\n",
       "      <td>0.122256</td>\n",
       "      <td>-0.035721</td>\n",
       "      <td>-0.056826</td>\n",
       "      <td>-0.058960</td>\n",
       "      <td>0.051176</td>\n",
       "      <td>0.018431</td>\n",
       "      <td>0.086834</td>\n",
       "      <td>0.617627</td>\n",
       "      <td>0.046408</td>\n",
       "      <td>0.140621</td>\n",
       "      <td>0.061231</td>\n",
       "      <td>0.087377</td>\n",
       "      <td>0.094500</td>\n",
       "      <td>1.000000</td>\n",
       "      <td>0.125544</td>\n",
       "    </tr>\n",
       "    <tr>\n",
       "      <th>TenYearCHD</th>\n",
       "      <td>0.088428</td>\n",
       "      <td>0.225256</td>\n",
       "      <td>-0.054059</td>\n",
       "      <td>0.019456</td>\n",
       "      <td>0.057884</td>\n",
       "      <td>0.087489</td>\n",
       "      <td>0.061810</td>\n",
       "      <td>0.177603</td>\n",
       "      <td>0.097317</td>\n",
       "      <td>0.082184</td>\n",
       "      <td>0.216429</td>\n",
       "      <td>0.145299</td>\n",
       "      <td>0.075192</td>\n",
       "      <td>0.022913</td>\n",
       "      <td>0.125544</td>\n",
       "      <td>1.000000</td>\n",
       "    </tr>\n",
       "  </tbody>\n",
       "</table>\n",
       "</div>"
      ],
      "text/plain": [
       "                     male       age  education  currentSmoker  cigsPerDay  \\\n",
       "male             1.000000 -0.028979   0.017352       0.197596    0.317930   \n",
       "age             -0.028979  1.000000  -0.165883      -0.213748   -0.192791   \n",
       "education        0.017352 -0.165883   1.000000       0.018532    0.008085   \n",
       "currentSmoker    0.197596 -0.213748   0.018532       1.000000    0.769690   \n",
       "cigsPerDay       0.317930 -0.192791   0.008085       0.769690    1.000000   \n",
       "BPMeds          -0.052506  0.122995  -0.010815      -0.048938   -0.046134   \n",
       "prevalentStroke -0.004546  0.057655  -0.035112      -0.032988   -0.032707   \n",
       "prevalentHyp     0.005313  0.307194  -0.081970      -0.103260   -0.066146   \n",
       "diabetes         0.015708  0.101258  -0.038680      -0.044295   -0.037067   \n",
       "totChol         -0.070322  0.262131  -0.023115      -0.046562   -0.026320   \n",
       "sysBP           -0.035989  0.394302  -0.129631      -0.130230   -0.088780   \n",
       "diaBP            0.057933  0.206104  -0.062316      -0.107746   -0.056632   \n",
       "BMI              0.081672  0.135800  -0.137504      -0.167650   -0.092856   \n",
       "heartRate       -0.116620 -0.012823  -0.054206       0.062356    0.075157   \n",
       "glucose          0.006083  0.122256  -0.035721      -0.056826   -0.058960   \n",
       "TenYearCHD       0.088428  0.225256  -0.054059       0.019456    0.057884   \n",
       "\n",
       "                   BPMeds  prevalentStroke  prevalentHyp  diabetes   totChol  \\\n",
       "male            -0.052506        -0.004546      0.005313  0.015708 -0.070322   \n",
       "age              0.122995         0.057655      0.307194  0.101258  0.262131   \n",
       "education       -0.010815        -0.035112     -0.081970 -0.038680 -0.023115   \n",
       "currentSmoker   -0.048938        -0.032988     -0.103260 -0.044295 -0.046562   \n",
       "cigsPerDay      -0.046134        -0.032707     -0.066146 -0.037067 -0.026320   \n",
       "BPMeds           1.000000         0.117365      0.261187  0.052047  0.080558   \n",
       "prevalentStroke  0.117365         1.000000      0.074830  0.006949  0.000067   \n",
       "prevalentHyp     0.261187         0.074830      1.000000  0.077808  0.163993   \n",
       "diabetes         0.052047         0.006949      0.077808  1.000000  0.040278   \n",
       "totChol          0.080558         0.000067      0.163993  0.040278  1.000000   \n",
       "sysBP            0.254219         0.057009      0.696755  0.111283  0.208908   \n",
       "diaBP            0.194227         0.045190      0.615751  0.050329  0.165182   \n",
       "BMI              0.100668         0.025891      0.301318  0.087036  0.115767   \n",
       "heartRate        0.015233        -0.017676      0.147261  0.048994  0.091125   \n",
       "glucose          0.051176         0.018431      0.086834  0.617627  0.046408   \n",
       "TenYearCHD       0.087489         0.061810      0.177603  0.097317  0.082184   \n",
       "\n",
       "                    sysBP     diaBP       BMI  heartRate   glucose  TenYearCHD  \n",
       "male            -0.035989  0.057933  0.081672  -0.116620  0.006083    0.088428  \n",
       "age              0.394302  0.206104  0.135800  -0.012823  0.122256    0.225256  \n",
       "education       -0.129631 -0.062316 -0.137504  -0.054206 -0.035721   -0.054059  \n",
       "currentSmoker   -0.130230 -0.107746 -0.167650   0.062356 -0.056826    0.019456  \n",
       "cigsPerDay      -0.088780 -0.056632 -0.092856   0.075157 -0.058960    0.057884  \n",
       "BPMeds           0.254219  0.194227  0.100668   0.015233  0.051176    0.087489  \n",
       "prevalentStroke  0.057009  0.045190  0.025891  -0.017676  0.018431    0.061810  \n",
       "prevalentHyp     0.696755  0.615751  0.301318   0.147261  0.086834    0.177603  \n",
       "diabetes         0.111283  0.050329  0.087036   0.048994  0.617627    0.097317  \n",
       "totChol          0.208908  0.165182  0.115767   0.091125  0.046408    0.082184  \n",
       "sysBP            1.000000  0.784002  0.326981   0.182246  0.140621    0.216429  \n",
       "diaBP            0.784002  1.000000  0.377588   0.181255  0.061231    0.145299  \n",
       "BMI              0.326981  0.377588  1.000000   0.067678  0.087377    0.075192  \n",
       "heartRate        0.182246  0.181255  0.067678   1.000000  0.094500    0.022913  \n",
       "glucose          0.140621  0.061231  0.087377   0.094500  1.000000    0.125544  \n",
       "TenYearCHD       0.216429  0.145299  0.075192   0.022913  0.125544    1.000000  "
      ]
     },
     "execution_count": 35,
     "metadata": {},
     "output_type": "execute_result"
    }
   ],
   "source": [
    "df.corr()"
   ]
  },
  {
   "cell_type": "code",
   "execution_count": 36,
   "metadata": {},
   "outputs": [
    {
     "data": {
      "text/html": [
       "<div>\n",
       "<style scoped>\n",
       "    .dataframe tbody tr th:only-of-type {\n",
       "        vertical-align: middle;\n",
       "    }\n",
       "\n",
       "    .dataframe tbody tr th {\n",
       "        vertical-align: top;\n",
       "    }\n",
       "\n",
       "    .dataframe thead th {\n",
       "        text-align: right;\n",
       "    }\n",
       "</style>\n",
       "<table border=\"1\" class=\"dataframe\">\n",
       "  <thead>\n",
       "    <tr style=\"text-align: right;\">\n",
       "      <th></th>\n",
       "      <th>male</th>\n",
       "      <th>age</th>\n",
       "      <th>currentSmoker</th>\n",
       "      <th>cigsPerDay</th>\n",
       "      <th>BPMeds</th>\n",
       "      <th>prevalentStroke</th>\n",
       "      <th>prevalentHyp</th>\n",
       "      <th>diabetes</th>\n",
       "      <th>totChol</th>\n",
       "      <th>sysBP</th>\n",
       "      <th>diaBP</th>\n",
       "      <th>BMI</th>\n",
       "      <th>heartRate</th>\n",
       "      <th>glucose</th>\n",
       "      <th>TenYearCHD</th>\n",
       "    </tr>\n",
       "  </thead>\n",
       "  <tbody>\n",
       "    <tr>\n",
       "      <th>0</th>\n",
       "      <td>1</td>\n",
       "      <td>39</td>\n",
       "      <td>0</td>\n",
       "      <td>0.0</td>\n",
       "      <td>0.0</td>\n",
       "      <td>0</td>\n",
       "      <td>0</td>\n",
       "      <td>0</td>\n",
       "      <td>195.0</td>\n",
       "      <td>106.0</td>\n",
       "      <td>70.0</td>\n",
       "      <td>26.97</td>\n",
       "      <td>80.0</td>\n",
       "      <td>77.0</td>\n",
       "      <td>0</td>\n",
       "    </tr>\n",
       "  </tbody>\n",
       "</table>\n",
       "</div>"
      ],
      "text/plain": [
       "   male  age  currentSmoker  cigsPerDay  BPMeds  prevalentStroke  \\\n",
       "0     1   39              0         0.0     0.0                0   \n",
       "\n",
       "   prevalentHyp  diabetes  totChol  sysBP  diaBP    BMI  heartRate  glucose  \\\n",
       "0             0         0    195.0  106.0   70.0  26.97       80.0     77.0   \n",
       "\n",
       "   TenYearCHD  \n",
       "0           0  "
      ]
     },
     "execution_count": 36,
     "metadata": {},
     "output_type": "execute_result"
    }
   ],
   "source": [
    "df = df.drop(['education'],axis=1)\n",
    "df.head(1)"
   ]
  },
  {
   "cell_type": "code",
   "execution_count": 37,
   "metadata": {},
   "outputs": [],
   "source": [
    "df = df.apply(lambda col:col.fillna(col.mean()),axis=0)"
   ]
  },
  {
   "cell_type": "code",
   "execution_count": 38,
   "metadata": {},
   "outputs": [
    {
     "data": {
      "text/plain": [
       "male               0\n",
       "age                0\n",
       "currentSmoker      0\n",
       "cigsPerDay         0\n",
       "BPMeds             0\n",
       "prevalentStroke    0\n",
       "prevalentHyp       0\n",
       "diabetes           0\n",
       "totChol            0\n",
       "sysBP              0\n",
       "diaBP              0\n",
       "BMI                0\n",
       "heartRate          0\n",
       "glucose            0\n",
       "TenYearCHD         0\n",
       "dtype: int64"
      ]
     },
     "execution_count": 38,
     "metadata": {},
     "output_type": "execute_result"
    }
   ],
   "source": [
    "df.isnull().sum()"
   ]
  },
  {
   "cell_type": "code",
   "execution_count": 39,
   "metadata": {},
   "outputs": [
    {
     "data": {
      "text/plain": [
       "<seaborn.axisgrid.PairGrid at 0x26022357400>"
      ]
     },
     "execution_count": 39,
     "metadata": {},
     "output_type": "execute_result"
    },
    {
     "data": {
